1.586042767585483193e+07
8.557758900028896751e+05
2.074347411909966171e+07
2.951749377534035011e+05
2.557764920308299043e+04
1.638995521434374619e+06
5.814124822855919047e+04
2.980694501420410234e+04
3.127286574716701871e+05
1.230268229525505376e+03
1.402299763338014018e+06
5.786934085536926432e+04
1.086476358264472568e+06
4.756137036086221342e+05
3.233117318370446355e+03
1.254187696177345788e+05
2.510205108020621701e+05
6.495892806762292748e+05
3.684580621860321116e+04
2.546982586777016877e+03
7.297564158855899004e+05
1.335227613605975421e+03
1.664558330669112329e+05
2.307602013095815666e+06
4.290198722633378202e+04
1.031712291906548291e+07
2.726271938892844992e+04
1.425416695156205969e+05
1.800174016738883220e+05
3.597964547383243917e+05
2.208071428884741545e+04
1.615453208270176547e+06
1.433623663266350282e+06
3.703944631338148564e+07
2.659716272545480388e+04
1.057394028143041767e+07
1.197479843525566394e+05
1.750604606264695467e+05
2.911733708604418280e+04
9.111365504731928930e+06
7.286127463388191536e+05
5.597763602431342006e+06
2.212402617121631192e+04
6.119575939045053929e+03
8.890654795943006175e+05
1.440569968663825467e+07
5.469222903890704736e+06
1.122847225403794982e+04
1.959285824489215738e+05
2.054132767998928903e+05
3.124522946144462330e+05
1.175115867881993836e+04
2.499903547060526907e+06
9.424550455728802262e+03
3.634603588291435153e+05
1.517961034198093148e+04
1.397036429593456443e+06
2.886421812569354661e+06
8.288001285045283148e+05
1.069968637721093692e+05
1.267842236967221089e+07
1.447769577098124428e+06
2.165013403319836129e+06
1.709704482240821744e+04
1.808540745514995433e+04
1.031197637446742039e+06
1.526254333451018465e+04
1.379312133927642927e+07
5.192457467673301289e+04
9.452252342592517380e+04
9.766594347230375206e+03
1.236168072827160177e+04
2.275329230576199552e+04
3.989619850261695101e+05
1.137609321317395952e+05
5.097128193170006271e+05
8.543601294280188449e+04
7.867190994746292941e+06
3.125937303357638302e+05
9.726693422414442757e+05
7.760250629553128965e+05
3.705503253482697066e+06
1.783312286997544114e+06
6.727338647178227082e+06
1.236003507711793063e+06
1.335045441456892877e+04
2.280597018571532317e+04
1.035519173721440893e+05
3.185974142610840499e+04
4.136572573683145456e+05
1.091452257975372049e+05
3.254011468724237056e+05
8.765266270273798145e+05
9.913850697758343813e+03
1.044732446044291646e+04
4.000597588576993985e+03
2.954996980424302630e+06
2.350965652059188578e+05
1.081857808666796627e+05
5.660737715002470213e+04
2.728484691731656785e+05
2.048925117218806918e+04
1.764060933094933353e+04
1.508371146737853531e+06
5.518503501632275060e+06
1.366659570309001429e+05
9.909261985574431019e+05
7.821099446122514782e+05
1.602381497448712980e+04
6.791577423187300155e+04
3.784325489809254650e+06
2.810908888978944742e+04
7.072481678235855885e+06
1.540310010785399470e+06
1.878905265435733018e+05
7.872428474572312552e+04
2.453493550177597353e+04
5.077955260016994434e+05
1.690347175766623346e+06
3.856948237690706155e+05
5.706328177275804803e+06
3.425532647511173273e+05
1.233949706716828747e+06
2.737016777865212134e+03
5.864620398533168918e+04
1.397600474259443581e+06
6.510356538987884051e+03
3.403176539057776798e+06
2.405121864038761996e+05
2.600799059114833362e+05
1.245027836008235608e+05
3.759557014578192960e+06
7.429396354063688777e+06
6.882399363895136048e+03
3.963330879740734417e+03
8.153713124217040604e+04
7.629590591812853701e+06
2.068791535501913131e+03
7.664366958013475596e+03
2.500093868786907842e+04
2.728143767629543785e+06
5.455759481502965791e+05
1.016533183700365407e+04
1.079608197400256722e+04
1.741347440572120249e+06
2.996261973951959590e+03
4.780681275658618688e+03
1.145653544546797406e+06
5.637165475420017174e+03
4.077264218291184079e+03
2.268385206306431064e+04
3.077347914525540546e+03
1.306639745063850205e+04
2.341489624141865352e+05
4.392581110388474539e+06
7.926473746401327662e+04
8.869180681313028559e+06
2.129288514504124410e+06
8.692930647768455092e+05
7.771645632370010950e+06
4.644289302297626273e+05
1.276403005760961585e+07
2.531826069505400956e+06
3.319167367048977030e+04
2.146248226890065416e+05
3.878424712794703245e+07
7.150478666992020180e+02
7.043118344769959804e+05
1.270458341244838666e+05
1.062254561294564279e+06
2.338784674330464331e+05
2.335813927300534560e+05
1.374375328158892691e+06
1.658573169493642054e+05
2.500524171498944983e+06
2.532854144249606412e+06
2.696863578884312883e+07
2.540300815103364221e+04
4.776458151507392904e+04
3.075317514306200319e+05
2.684958655369247426e+05
6.234207797677211602e+03
1.011896047351635410e+06
6.220890082791704481e+04
7.296809667518023401e+06
2.769485295618649616e+04
6.278369850177092850e+07
6.684353006741832360e+04
3.983828092445239425e+07
1.326470703050070442e+05
5.028165916220413637e+05
1.175703736881081481e+06
1.875593129378787853e+04
1.565366250466441561e+05
4.903208424440442468e+04
2.910096917761369332e+04
3.866204438684682362e+06
2.179187519150798835e+04
2.607622858879731037e+06
1.279351983430994187e+04
6.575473129711154616e+04
2.604538464547771588e+07
1.192592842325725360e+06
8.674421700902619250e+02
2.861976403597564250e+07
1.402311436458764547e+04
1.918345952940911427e+07
1.420466194502766011e+06
2.982028002372710034e+05
2.291250529715764895e+07
2.241132511276967998e+05
2.776638930659762700e+05
1.589328886249094212e+05
1.603511390850047064e+04
6.694324517992155052e+03
7.873586109537270386e+04
1.428803271242702566e+07
9.724421588534277398e+05
6.627535912093161642e+03
1.535961804427452153e+05
3.303321603066211101e+06
8.514851424235619605e+06
3.680646734743835987e+04
1.543323351041657043e+04
7.537497072966085747e+06
4.756064221104221360e+03
2.337173627696400508e+06
1.108922459107291252e+04
4.921932138722693780e+05
2.539109737744149752e+05
1.939279682302754281e+03
1.776791416775567768e+03
7.527607112099815859e+05
1.950552478602200514e+06
2.234092579046369530e+06
2.791857117346678674e+07
1.681349271801735813e+04
3.532991958203958930e+05
1.218455533485462001e+04
4.842166317534837435e+04
2.335549031905353331e+04
1.022827204878915945e+05
6.871401123649978545e+05
3.585793813529465842e+04
8.915132915799431503e+06
4.032483347240932751e+06
7.366485895873810165e+06
3.762173951103757190e+03
3.169209347124639680e+04
8.221485753685618984e+05
